raw/raster/Surfaceelevation.asc
ncols        165
nrows        175
xllcorner    578198.432241140050
yllcorner    2315983.227906900000
cellsize     100.000000000000
NODATA_value  1.7014100000000001e+038
[rows 120 to 139 of 175, columns 88 to 131 of 165]
5.7223259026999997 5.7045407656 5.6867556285000003 5.6689704913999996 5.6511853542999999 5.6334002171000002 5.6170172507 5.6452546777999997 5.6734921049000002 5.7017295319999999 5.7299669591000004 5.7582043862000001 5.7864418132999997 5.8146792404000003 5.8429166674999999 5.8711540945999996 5.8432032312000004 5.8592985570999998 5.8753938829000001 5.9132157870000004 5.9636585052999997 6.0141012236 6.0645439419000002 6.1149866601999996 6.1654293784999998 6.2158720968000001 6.2663148151000003 6.3167575333999997 6.3672002516999999 6.4176429700000002 6.4680856883000004 6.5185284065999998 6.5689711249 6.6194138432000003 6.6698565614999996 7.0940587789 7.3711168711999999 7.4648108328999996 7.5585047946000001 7.6521987561999998 7.7458927179000003 7.8395866795 7.9332806411999996 8.0269746028999993
5.7280749445000003 5.7102898073999997 5.6925046703 5.6747195332000002 5.6569343960999996 5.6391492588999999 5.6213641218000001 5.6035789847000004 5.6229412255 5.6511786525999996 5.6794160797000002 5.7076535067999998 5.7358909339000004 5.764128361 5.7923657880999997 5.8206032152000002 5.7385371556999996 5.7443597569999998 5.7604550829000001 5.8101725783999996 5.8606152966999998 5.9110580150000001 5.9615007333000003 6.0119434515999997 6.0623861698999999 6.1128288882000001 6.1632716065000004 6.2137143247999997 6.2641570431 6.3145997614000002 6.3650424796999996 6.4154851979999998 6.4659279163000001 6.5163706346000003 6.5668133528999997 6.8264385194999999 7.1997488453000003 7.2934428068999999 7.3871367685999996 7.4808307303000001 7.5745246918999998 7.6682186536000003 7.7619126152 7.8556065768999996
5.7338239863 5.7160388492000003 5.6982537120999996 5.6804685749999999 5.6626834379000002 5.6448983007000004 5.6271131635999998 5.6093280265000001 5.5915428894000003 5.6006277732000003 5.6288652002999999 5.6571026273999996 5.6853400545000001 5.7135774815999998 5.7418149087000003 5.7700523359 5.6840733815000002 5.6294209569999998 5.6566866514000003 5.7071293696999996 5.7575720879999999 5.8080148063000001 5.8584575246000004 5.9089002428999997 5.9593429612 6.0097856795000002 6.0602283978000004 6.1106711160999998 6.1611138344 6.2115565527000003 6.2619992709999996 6.3124419892999999 6.3628847076000001 6.4133274259000004 6.4637701441999997 6.5588182599999998 6.9993036325000002 7.1220747810000002 7.2157687426999999 7.3094627042999996 7.4031566660000001 7.4968506275999998 7.5905445893000003 7.684238551
5.7395730280999997 5.721787891 5.7040027539000002 5.6862176167999996 5.6684324796999999 5.6506473425000001 5.6328622054000004 5.6150770682999998 5.5972919312 5.5795067941000003 5.5783143209999997 5.6065517481000002 5.6347891751999999 5.6630266023000004 5.6912640294000001 5.7181952808999998 5.6296096073999999 5.5410239338 5.5536434428000003 5.6040861610999997 5.6545288793999999 5.7049715977000002 5.7554143160000004 5.8058570342999998 5.8562997526 5.9067424709000003 5.9571851891999996 6.0076279074999999 6.0580706258000001 6.1085133441000004 6.1589560623999997 6.2093987807 6.2598414990000002 6.3102842173000004 6.3607269355999998 6.4111696539 6.7316833730000001 6.9507067549999997 7.0444007167000002 7.1380946783999999 7.2317886400000004 7.3254826017000001 7.4191765632999997 7.5128705250000003
5.7453220700000003 5.7275369327999996 5.7097517956999999 5.6919666586000002 5.6741815215000004 5.6563963843999998 5.6386112472000001 5.6208261101000003 5.6030409729999997 5.5852558359 5.5674706988000002 5.5560008687 5.5842382957999996 5.6124757229000002 5.6407131499999998 5.6637315066999996 5.5751458331999997 5.5109917503999997 5.5243081192999997 5.5376244880999996 5.5514856707 5.6019283890000002 5.6523711072999996 5.7028138255999998 5.7532565439000001 5.8036992622000003 5.8541419804999997 5.9045846987999999 5.9550274171000002 6.0054701354000004 6.0559128536999998 6.106355572 6.1567982903000003 6.2072410085999996 6.2576837268999999 6.3081264452000001 6.4640631136 6.7793387291 6.8730326906999997 6.9667266524000002 7.0604206140999999 7.1541145757000004 7.2478085374000001 7.3415024989999997
5.7510711118 5.7332859746000002 5.7155008374999996 5.6977157003999999 5.6799305633000001 5.6621454262000004 5.6443602889999998 5.6265751519 5.6087900148000003 5.5910048776999997 5.5732197405999999 5.5554346034000002 5.5376494663000004 5.5619248434999999 5.5901622705999996 5.6092677325000002 5.5206820590000003 5.5164237525999997 5.5297401214999997 5.5430564902999997 5.5563728591999997 5.5696892280999997 5.5830055969999997 5.5997706169999999 5.6502133353000001 5.7006560536000004 5.7510987718999997 5.8015414902 5.8519842085000002 5.9024269267999996 5.9528696450999998 6.0033123634000001 6.0537550817000003 6.1041977999999997 6.1546405182999999 6.2050832366000002 6.2555259549000004 6.6079707031000003 6.7016646648 6.7953586264999997 6.8890525881000002 6.9827465497999999 7.0764405114000004 7.1701344731000001
5.7568201535999997 5.7390350163999999 5.7212498793000002 5.7034647422000004 5.6856796050999998 5.6678944680000001 5.6501093308000003 5.6323241936999997 5.6145390566 5.5967539195000002 5.5789687823999996 5.5611836452999999 5.5433985081000001 5.5256133710000004 5.5396113912000002 5.5548039584 5.5085393858999998 5.5218557547999998 5.5351721236999998 5.5484884924999998 5.5618048613999997 5.5751212302999997 5.5884375991999997 5.6017539680999997 5.6150703368999997 5.6283867057999997 5.6480555631999998 5.6984982815 5.7489409998000003 5.7993837180999996 5.8498264363999999 5.9002691547000001 5.9507118730000004 6.0011545912999997 6.0515973096 6.1020400279000002 6.1524827461999996 6.3693079672000001 6.5302966388000003 6.6239906005 6.7176845621999997 6.8113785238000002 6.9050724854999999 6.9987664471000004
5.7489442878999997 5.7324505280000002 5.7159567680999999 5.6994630081000004 5.6829692482 5.6664754882999997 5.6499817284000002 5.6334879684999999 5.6169942086000004 5.6005004487000001 5.5840066887999997 5.5669326871000004 5.5491475498999998 5.5313624128000001 5.5135772757000003 5.5006550191999999 5.5139713880999999 5.5272877569999999 5.5406041258999998 5.5539204946999998 5.5672368635999998 5.5805532324999998 5.5938696013999998 5.6071859702999998 5.6205023390999997 5.6338187079999997 5.6471350768999997 5.6604514457999997 5.6737678146999997 5.6963405094999997 5.7467832277999999 5.7972259461000002 5.8476686644000004 5.8981113826999998 5.948554101 5.9989968193000003 6.0494395375999996 6.1016877078 6.3589286128999998 6.4526225746000003 6.5463165362 6.6400104978999996 6.7337044595000002 6.7949003964000001
5.7330506651000004 5.7165569052 5.7000631452999997 5.6835693854000002 5.6670756253999999 5.6505818655000004 5.6340881056000001 5.6175943456999997 5.6011005858000003 5.5846068258999999 5.5681130660000004 5.5516193061000001 5.5351255461999997 5.5186317863000003 5.5021380263999999 5.4899176139000003 5.4914844735999999 5.5108678270000002 5.5302511802999996 5.5496345335999999 5.5690178870000002 5.5859852346999999 5.5993016035999998 5.6126179724999998 5.6259343412999998 5.6392507101999998 5.6525670790999998 5.6658834479999998 5.6791998168999998 5.6925161856999997 5.7058325545999997 5.7191489234999997 5.7446254556999996 5.7950681739999998 5.8455108923000001 5.8959536106000003 5.9463963288999997 5.9968390471999999 6.1875605869000001 6.2812545485999998 6.3749485103000003 6.4686424719 6.5091057375999997 6.5260832720000002
5.7171570423000002 5.7006632823999999 5.6841695225000004 5.6676757626000001 5.6511820026999997 5.6346882428000002 5.6181944827999999 5.6017007229000004 5.5852069630000001 5.5687132030999997 5.5522194432000003 5.5357256832999999 5.5192319233999996 5.5027381635000001 5.4862444035999998 5.4771096427000003 5.4734853074999998 5.4698609723000002 5.4887300026999997 5.508113356 5.5274967094000003 5.5468800626999997 5.5662634161 5.5856467694000003 5.6050301227999997 5.6244134761 5.6437968295000003 5.6631801827999997 5.6825635362 5.6979481878999998 5.7112645567999998 5.7245809256999998 5.7378972945999998 5.7512136633999997 5.7645300322999997 5.7929104020000004 5.8433531202999998 5.8937958386 6.0069325613000002 6.1098865227000001 6.2035804842999998 6.2233110788000001 6.3051599749999996 6.4282654779000001
5.7012634195 5.6847696595999997 5.6682758997000002 5.6517821397999999 5.6352883799000004 5.6187946200000001 5.6023008600999997 5.5858071002000003 5.5693133401999999 5.5528195802999996 5.5363258204000001 5.5198320604999997 5.5033383006000003 5.4868445406999999 5.4703507807999996 5.4643016715000003 5.4606773362999999 5.4570530011000002 5.4534286658999997 5.4665921784 5.4859755318000003 5.5053588850999997 5.5247422385 5.5441255918000003 5.5635089451999997 5.5828922985 5.6022756519000003 5.6216590051999997 5.6410423586 5.6604257119000003 5.6798090651999997 5.6991924186 5.7185757719000003 5.7379591252999997 5.7573424786 5.7767258320000003 5.7961091852999997 5.8099111411999997 5.8411953482000003 5.9205388857000001 6.0355466727999998 6.1586521757000003 6.2817576786 6.4048631814999997
5.6853697966999999 5.6688760368000004 5.6523822769000001 5.6358885169999997 5.6193947571000002 5.6029009971999999 5.5864072373000004 5.5699134774000001 5.5534197174999997 5.5369259576000003 5.5204321975999999 5.5039384376999996 5.4874446778000001 5.4709509178999998 5.4551180355 5.4514937003000004 5.4478693650999999 5.4442450299000003 5.4406206945999998 5.4369963594000001 5.4444543542000003 5.4638377074999998 5.4832210609000001 5.5026044142000003 5.5219877675999998 5.5413711209000001 5.5607544743000004 5.5801378275999998 5.5995211809000001 5.6189045343000004 5.6382878875999998 5.6576712410000001 5.6770545943000004 5.6964379476999998 5.7158213010000001 5.7352046544000004 5.7545880076999998 5.7739713611000001 5.7933547144000004 5.9288567926000004 6.0121443764000002 6.1352498792999999 6.2583553822000004 6.3814608851000001
5.6694761738999997 5.6529824140000002 5.6364886540999999 5.6199948942000004 5.6035011343000001 5.5870073743999997 5.5705136145000003 5.5540198545999999 5.5375260946999996 5.5210323348000001 5.5045385748999998 5.4880448149000003 5.4715510549999999 5.4550572950999996 5.4423100643 5.4386857291000004 5.4350613938999999 5.4314370586000003 5.4278127233999998 5.4241883882000002 5.4205640529999997 5.4223165298999998 5.4416998833000001 5.4610832366000004 5.4804665899999998 5.4998499433000001 5.5192332967000004 5.5386166499999998 5.5580000033000001 5.5773833567000004 5.5967667099999998 5.6161500634000001 5.6355334167000004 5.6549167700999998 5.6743001234000001 5.6936834768000004 5.7130668300999998 5.7324501835000001 5.7987876754999998 5.9753746805999999 6.0797610324000004 6.1592285301 6.2386960276999996 6.3580585886999996
5.6535825512000004 5.6370887912000001 5.6205950312999997 5.6041012714000003 5.5876075114999999 5.5711137516000004 5.5546199917000001 5.5381262317999997 5.5216324719000003 5.5051387119999999 5.4886449520999996 5.4721511922000001 5.4556574322999998 5.4391636723000003 5.4295020931 5.4258777578000004 5.4222534225999999 5.4186290874000003 5.4150047521999998 5.4113804170000002 5.4077560817999997 5.4041317466000001 5.4005074113999996 5.4195620590000004 5.4389454123999998 5.4583287657000001 5.4777121190000004 5.4970954723999998 5.5164788257000001 5.5358621790999996 5.5552455323999999 5.5746288858000002 5.5940122390999996 5.6133955924999999 5.6327789458000002 5.6521622991999996 5.6715456524999999 5.6909290059000002 5.8206011876000003 5.9971881928000004 6.1511977747 6.2306652722999996 6.3101327699 6.3896002674999997
5.6376889284000002 5.6211951684999999 5.6047014086000004 5.5882076486000001 5.5717138886999997 5.5552201288000003 5.5387263688999999 5.5222326089999996 5.5057388491000001 5.4892450891999998 5.4727513293000003 5.4562575694 5.4397638094999996 5.4232700496000001 5.4166941218 5.4130697866000004 5.4094454513999999 5.4058211162000003 5.4021967809999998 5.3985724458000002 5.3949481105999997 5.3913237754000001 5.3876994400999996 5.3840751049 5.3974242347999999 5.4168075881000002 5.4361909413999996 5.4555742947999999 5.4749576481000002 5.4943410014999996 5.5137243547999999 5.5331077082000002 5.5524910614999996 5.5718744148999999 5.5912577682000002 5.6106411215999996 5.6300244748999999 5.6658276945999999 5.8424146997999999 6.019001705 6.1955887101 6.3021020145 6.3815695121999996 6.4610370098000001
5.6217953056000001 5.6053015456999997 5.5888077858000003 5.5723140258999999 5.5558202659999996 5.5393265060000001 5.5228327460999997 5.5063389862000003 5.4898452262999999 5.4733514663999996 5.4568577065000001 5.4403639465999998 5.4238701867000003 5.4075104857999996 5.4038861506 5.4002618154000004 5.3966374801999999 5.3930131450000003 5.3893888097999998 5.3857644746000002 5.3821401393999997 5.3785158041000001 5.3748914688999996 5.3712671337 5.3676427985000004 5.3752864105000002 5.3946697637999996 5.4140531171999999 5.4334364705000002 5.4528198238999996 5.4722031771999999 5.4915865306000002 5.5109698838999996 5.5303532372999999 5.5497365906000002 5.5691199439999997 5.5885032973 5.6876412068000004 5.8642282120000004 6.0408152170999996 6.2174022222999996 6.3735387568000004 6.4530062544 6.5324737519999996
5.6059016827999999 5.5894079229000004 5.5729141630000001 5.5564204030999997 5.5399266432000003 5.5234328832999999 5.5069391232999996 5.4904453634000001 5.4739516034999998 5.4574578436000003 5.4409640837 5.4244703237999996 5.4079765639000001 5.3947025145999996 5.3910781794 5.3874538442000004 5.3838295089999999 5.3802051738000003 5.3765808385999998 5.3729565034000002 5.3693321680999997 5.3657078329000001 5.3620834976999996 5.3584591625 5.3548348273000004 5.3512104920999999 5.3531485861999997 5.3725319396 5.3919152929000003 5.4112986462999997 5.4306819996 5.4500653530000003 5.4694487062999997 5.4888320597 5.5082154130000003 5.5275987663999997 5.5469821197 5.709454719 5.8860417241 6.0626287293000001 6.2392157345000001 6.4158027396000001 6.5244429966000004 6.6039104943
5.5900080599999997 5.5735143001000003 5.5570205401999999 5.5405267802999996 5.5240330204000001 5.5075392604999998 5.4910455006000003 5.4745517406999999 5.4580579806999996 5.4415642208000001 5.4250704608999998 5.4085767010000003 5.3920829411 5.3818945433999996 5.3782702082 5.3746458730000004 5.3710215377999999 5.3673972026000003 5.3637728672999998 5.3601485321000002 5.3565241968999997 5.3528998617000001 5.3492755264999996 5.3456511913 5.3420268561000004 5.3384025208999999 5.3347781857000003 5.3311538503999998 5.3503941153000003 5.3697774686999997 5.389160822 5.4085441754000003 5.4279275286999997 5.4473108821 5.4666942354000003 5.4860775886999997 5.5546812258999996 5.7312682310999996 5.9078552362999996 6.0844422414999997 6.2610292465999997 6.4376162517999997 6.5958797388999999 6.6753472365000004
5.5741144372000004 5.5576206773000001 5.5411269173999997 5.5246331575000003 5.5081393975999999 5.4916456376999996 5.4751518778000001 5.4586581178999998 5.4421643580000003 5.4256705981 5.4091768380999996 5.3926830782000001 5.3761893182999998 5.3690865721999996 5.365462237 5.3618379018000004 5.3582135665999999 5.3545892313000003 5.3509648960999998 5.3473405609000002 5.3437162256999997 5.3400918905000001 5.3364675552999996 5.3328432201 5.3292188849000004 5.3255945495999999 5.3219702144000003 5.3183458791999998 5.3147215440000002 5.3282562910999998 5.3476396444000001 5.3670229978000004 5.3864063510999998 5.4057897045000001 5.4251730578000004 5.4445564110999998 5.5764947381000001 5.7530817433000001 5.9296687485000001 6.1062557536000002 6.2828427588000002 6.4594297640000002 6.6360167691000003 6.7467839787999999
5.5582208144000003 5.5417270544999999 5.5252332945999996 5.5087395347000001 5.4922457747999998 5.4757520149000003 5.4592582549999999 5.4427644950999996 5.4262707352000001 5.4097769752999998 5.3932832154000003 5.3767894555 5.3602956954999996 5.3562786009999996 5.3526542658 5.3490299305000004 5.3454055952999999 5.3417812601000003 5.3381569248999998 5.3345325897000002 5.3309082544999997 5.3272839193000001 5.3236595840999996 5.3200352489 5.3164109136000004 5.3127865783999999 5.3091622432000003 5.3055379079999998 5.3019135728000002 5.2982892375999997 5.3061184668000001 5.3255018202000004 5.3448851734999998 5.3642685269000001 5.3836518802000004 5.4217212450999996 5.5983082502999997 5.7748952553999997 5.9514822605999997 6.1280692657999998 6.3046562709999998 6.4812432760999998 6.6578302812999999 6.8182207210000003
