raw/raster/Surfaceelevation.asc
ncols        165
nrows        175
xllcorner    578198.432241140050
yllcorner    2315983.227906900000
cellsize     100.000000000000
NODATA_value  1.7014100000000001e+038
[rows 100 to 119 of 175, columns 88 to 131 of 165]
5.8994557504999996 5.8696737959999998 5.8398918414000001 5.8101098869000003 5.7803279323999996 5.7309705082000004 5.6423440830000002 5.6129250387000003 5.6876893468 5.7624536549999998 5.8311090186000003 5.8497332368999997 5.8683574552 5.8869816734000002 5.9056058916999996 5.9242301099999999 5.9428543283000002 5.9614785465000004 5.8915984458999997 5.6724951002999999 5.4533917548000002 5.8514979087999999 6.5063603357000002 7.1612227624999996 7.8160851893999999 8.2153914815999993 8.4820956156000005 8.922580988 9.3630663604999995 9.8035517329000008 10.236313620300001 10.330007582 10.4237015436 10.5003975398 10.489311337 10.478225134300001 10.467138931499999 10.4560527287 10.4449665259 10.4338803231 10.422794120300001 10.411707917499999 10.4006217147 10.3895355119
5.7835198764999998 5.753737922 5.7239559675000002 5.6941740128999996 5.6643920583999998 5.6346101039000001 5.5943590236 5.5775273050000003 5.6399458765999997 5.6585700949 5.6771943131000002 5.6958185313999996 5.7144427496999999 5.7330669680000002 5.7516911862000004 5.7703154044999998 5.7889396228000001 5.8075638411000003 5.6584399267999999 5.5736517481999996 6.2285141750999999 6.8833766020000002 7.2577998022000001 7.5947176756000001 7.9316355491000001 8.1736930610999998 8.2241357793999992 8.6549607286000008 9.0954461010000003 9.5359314734999998 9.9764168458999993 10.158639556000001 10.2523335177 10.3460274793 10.439721441 10.478403655999999 10.4673174532 10.4562312504 10.445145047600001 10.434058844799999 10.4229726421 10.4118864393 10.4008002365 10.389714033700001
5.6675840024999999 5.6378020480000002 5.6080200935000004 5.5782381389999998 5.5484561844 5.5186742299000002 5.5194010271999998 5.5303650334999999 5.5356532877999998 5.5409415419999997 5.5462297961999996 5.5515180505000004 5.5605280441999998 5.5791522625000001 5.5977764808000003 5.6164006989999997 5.6350249173 5.6443847532999998 5.9506680144999997 6.3002081227 6.6371259961 6.9740438696 7.310961743 7.6478796165 7.9847974899 8.0706498525000008 8.1210925708000001 8.3873404691999998 8.8278258415999993 9.2683112140000006 9.7087965865000001 9.9872715300999992 10.080965491700001 10.1746594534 10.268353415 10.3620473767 10.455741338399999 10.456409772200001 10.445323569399999 10.4342373666 10.4231511638 10.412064961 10.400978758200001 10.389892555399999
5.5516481286000001 5.5218661740000003 5.4920842194999997 5.4951008003000004 5.5083943203999999 5.5216878405000003 5.5349813605999998 5.5482748807000002 5.5551235951000004 5.5604118493000003 5.5657001035000002 5.5709883578000001 5.576276612 5.5815648662999999 5.5868531204999998 5.5921413746999997 5.5974296289999996 5.6795343166999999 6.0164521900999999 6.3533700635999999 6.6902879369999999 7.0272058104999999 7.3641236838999999 7.7010415574 7.9259254388000002 7.9676066437999999 8.0180493620999993 8.1197202097000005 8.5602055822000001 9.0006909545999996 9.4411763271000009 9.8159035040999996 9.9095974657999992 10.003291427400001 10.0969853891 10.1906793507 10.2843733124 10.378067274099999 10.4455020911 10.4344158883 10.423329685600001 10.412243482799999 10.40115728 10.3900710772
5.4708005733 5.4840940934000004 5.4973876135999999 5.5106811337000003 5.5239746537999999 5.5372681739000003 5.5505616939999998 5.5638552141000002 5.5745939024000002 5.5798821566000001 5.5851704109 5.5904586650999999 5.5957469192999998 5.6010351735999997 5.6063234277999996 5.6116116820000004 5.6168999363000003 5.7326962574999998 6.0696141309999998 6.4065320043999998 6.7434498778999998 7.0803677512999998 7.4172856247999999 7.7542034981999999 7.8141207168999998 7.8645634352 7.9150061535000003 7.9654488717999996 8.2925853227000008 8.7330706952000003 9.1735560675999999 9.6140414400999994 9.7382294397999996 9.8319234014999992 9.9256173631000006 10.0193113248 10.1130052865 10.2066992481 10.300393209799999 10.394087171400001 10.423508207299999 10.4124220045 10.4013358017 10.390249598900001
5.4863809067 5.4996744268000004 5.5129679468999999 5.5262614670000003 5.5395549870999998 5.5528485072000002 5.5661420273999997 5.5794355475000001 5.5927290675999997 5.5993524638999999 5.6046407181999998 5.6099289723999997 5.6152172265999996 5.6205054809000004 5.6257937351000002 5.6310819894000002 5.6363702436000001 5.7858581983999997 6.1227760718999997 6.4596939452999997 6.7966118187999998 7.1335296921999998 7.4704475656999998 7.6799525127999999 7.7110775081999998 7.7615202265000001 7.8119629448000003 7.8624056630999997 8.0249650632999998 8.4654504356999993 8.9059358082000006 9.3464211806000002 9.5668614138999999 9.6605553754999995 9.7542493371999992 9.8479432988000006 9.9416372605000003 10.0353312222 10.1290251838 10.222719145499999 10.316413107100001 10.4101070688 10.401514323500001 10.390428120699999
5.5019612401 5.5152547602000004 5.5285482802999999 5.5418418004000003 5.5551353204999998 5.5684288406000002 5.5817223606999997 5.5950158808000001 5.6083094008999996 5.6188227711999996 5.6241110255000004 5.6293992797000003 5.6346875339000002 5.6399757882000001 5.6452640424 5.6505522966999999 5.6558405508999998 5.8390201392999996 6.1759380127999997 6.5128558861999997 6.8497737596999997 7.1866916330999997 7.5236095065999997 7.5650137127999999 7.6080342995999999 7.6584770179000001 7.7089197362000004 7.7593624544999997 7.8098051728 8.1978301763000001 8.6383155487999996 9.0788009211999992 9.3954933879000002 9.4891873495999999 9.5828813111999995 9.6765752728999992 9.7702692346000006 9.8639631962000003 9.9576571578999999 10.0513511195 10.145045081199999 10.238739042900001 10.3324330045 10.3906066424
5.5527239688999996 5.5308350936000004 5.5441286136999999 5.5574221338000003 5.5707156538999998 5.5840091740000002 5.5973026940999997 5.6105962142000001 5.6238897342999996 5.6371832544 5.6435813328000002 5.6488695870000001 5.6541578413 5.6594460954999999 5.6647343496999998 5.6700226039999997 5.6753108581999996 5.8921820801999996 6.2290999535999996 6.5660178270999996 6.9029357004999996 7.2398535739999996 7.4339795868999996 7.4545483725999997 7.5049910908999999 7.5554338092000002 7.6058765275000004 7.6563192457999998 7.7067619641 7.9302099169 8.3706952893000004 8.8111806617999999 9.2241253620000005 9.3178193236000002 9.4115132852999999 9.5052072468999995 9.5989012085999992 9.6925951703000006 9.7862891319000003 9.8799830935999999 9.9736770551999996 10.067371016899999 10.161064978600001 10.2547589402
5.6104023502000002 5.5871204101999998 5.5638384703000003 5.5730024672000003 5.5862959872999998 5.5995895074000002 5.6128830274999997 5.6261765476000001 5.6394700676999996 5.6527635878 5.6630516401 5.6683398942999998 5.6736281485999998 5.6789164027999997 5.6842046570000004 5.6894929113000003 5.6947811655000002 5.9453440211000004 6.2822618945000004 6.6191797680000004 6.9560976414000004 7.2930155149000004 7.3190407867999996 7.3515051639999998 7.4019478823 7.4523906006000002 7.5028333188999996 7.5532760371999998 7.6037187555000001 7.6625896573999999 8.1030750298999994 8.5435604023000007 8.9840457748000002 9.1464512977000005 9.2401452593000002 9.3338392209999999 9.4275331826999995 9.5212271442999992 9.6149211060000006 9.7086150676000003 9.8023090292999999 9.8960029909999996 9.9896969525999992 10.083390914300001
5.6680807314999999 5.6447987916000004 5.6215168516 5.5982349116999996 5.6018763206999997 5.6151698408000001 5.6284633608999997 5.6417568810000001 5.6550504010999996 5.6683439212 5.6816374413000004 5.6878102015999996 5.6930984559000004 5.6983867101000003 5.7036749644000002 5.7089632186000001 5.7142514728 5.9985059619000003 6.3354238354000003 6.6723417088000003 7.0092595823000003 7.1880066609000002 7.2041019867999996 7.2484619552999998 7.2989046736000001 7.3493473919000003 7.3997901101999997 7.4502328284999999 7.5006755468000001 7.5511182651000004 7.8354547705000002 8.2759401428999997 8.7164255152999992 8.9750832717000009 9.0687772334000005 9.1624711950000002 9.2561651566999998 9.3498591183999995 9.4435530799999992 9.5372470417000006 9.6309410033000002 9.7246349649999999 9.8183289266999996 9.9120228882999992
5.7257591127999996 5.7024771729000001 5.6791952328999997 5.6559132930000002 5.6326313529999998 5.6307501742000001 5.6440436942999996 5.6573372144 5.6706307345000004 5.6839242545999999 5.6972177747000003 5.7072805089000003 5.7125687632000002 5.7178570174000001 5.7231452717 5.7284335258999999 5.7337217800999998 6.0516679028000002 6.3885857763000002 6.7255036497000003 7.0569725349999999 7.0730678609000002 7.0949760283999996 7.1454187466999999 7.1958614650000001 7.2463041833000004 7.2967469015999997 7.3471896199 7.3976323382000002 7.4480750564999996 7.567834511 8.0083198835000005 8.4488052559 8.8037152457999994 8.8974092074000009 8.9911031691000005 9.0847971307000002 9.1784910923999998 9.2721850540999995 9.3658790156999991 9.4595729774000006 9.5532669390000002 9.6469609006999999 9.7406548623999996
5.7834374941000002 5.7601555541999998 5.7368736142000003 5.7135916742999999 5.6903097344000004 5.6670277944 5.6596240276999996 5.6729175478 5.6862110679000004 5.6995045879999999 5.7127981081000003 5.7260916281999998 5.7320390704999999 5.7373273246999998 5.7426155789999997 5.7479038331999996 5.7679119702000001 6.1048298437000001 6.4417477171000002 6.7786655906000002 6.9420337349999999 6.9581290609000002 6.9919328196999997 7.0423755379999999 7.0928182563000002 7.1432609746000004 7.1937036928999998 7.2441464112 7.2945891295000003 7.3450318477999996 7.3954745660999999 7.7406996240000003 8.1811849965000008 8.6216703689000003 8.7260411814999994 8.8197351431000008 8.9134291048000005 9.0071230665000002 9.1008170280999998 9.1945109897999995 9.2882049513999991 9.3818989131000006 9.4755928748000002 9.5692868363999999
5.8411158753999999 5.8178339355000004 5.7945519956 5.7712700555999996 5.7479881157000001 5.7247061756999997 5.7014242358000002 5.6884978812 5.7017914013000004 5.7150849213999999 5.7283784415000003 5.7416719615999998 5.7515093777999997 5.7567976319999996 5.7620858863000004 5.7673741405000003 5.8210739111000001 6.1579917846000001 6.4949096580000001 6.8109996090999996 6.8270949349999999 6.8431902608000001 6.8888896110999998 6.9393323294 6.9897750477000002 7.0402177659999996 7.0906604842999998 7.1411032026000001 7.1915459209000003 7.2419886391999997 7.2924313574999999 7.4730793646000002 7.9135647369999997 8.3540501094999993 8.5546731554999997 8.6483671171999994 8.7420610788000008 8.8357550405000005 8.9294490022000002 9.0231429637999998 9.1168369254999995 9.2105308870999991 9.3042248488000006 9.3979188105000002
5.8014488437000002 5.8296862707999999 5.8522303768999997 5.8289484369000002 5.8056664969999998 5.7823845571000003 5.7591026170999999 5.7358206772000004 5.7173717347000004 5.7306652547999999 5.7439587749000003 5.7572522949999998 5.7705458151000002 5.7762679394000003 5.7815561936000002 5.7868444478000001 5.874235852 6.2111537255 6.5480715989 6.6960608089999996 6.7121561348999998 6.7354036841999996 6.7858464023999998 6.8362891207000001 6.8867318390000003 6.9371745572999997 6.9876172755999999 7.0380599939000001 7.0885027122000004 7.1389454304999997 7.1893881488 7.2398308671000002 7.6459444775999996 8.0864298501 8.3833051296000001 8.4769990911999997 8.5706930528999994 8.6643870146000008 8.7580809762000005 8.8517749379000001 8.9454688994999998 9.0391628611999995 9.1328568228999991 9.2265507845000005
5.7508979643 5.7791353913999997 5.8073728185000002 5.8356102455999999 5.8633448783000004 5.8400629384 5.8167809983999996 5.7934990585000001 5.7702171184999997 5.7469351786000002 5.7595391083000003 5.7728326283999998 5.7861261485000002 5.7957382467 5.8010265008999999 5.8063147550999998 5.9273977928999999 6.2643156662999999 6.5650266831000001 6.5811220090000004 6.5972173348999998 6.6323604754999996 6.6828031937999999 6.7332459121000001 6.7836886304000004 6.8341313486999997 6.884574067 6.9350167853000002 6.9854595035999996 7.0359022218999998 7.0863449402000001 7.1367876585000003 7.3783242182000004 7.8188095905999999 8.2119371036000004 8.3056310653000001 8.3993250268999997 8.4930189885999994 8.5867129503000008 8.6804069119000005 8.7741008736000001 8.8677948351999998 8.9614887968999994 9.0551827586000009
5.7003470848999998 5.7285845120000003 5.7568219391 5.7850593661999996 5.8132967933000002 5.8415342203999998 5.8697716476000004 5.8511774397999998 5.8278954999000003 5.8046135598999999 5.7813316199999996 5.7884129616999997 5.8017064818000001 5.8150000019999997 5.8204968081999997 5.8257850623999996 5.9805597337999998 6.3174776071999998 6.4500878831000001 6.4661832090000004 6.4822785348999998 6.5293172668999997 6.5797599851999999 6.6302027035000002 6.6806454218000004 6.7310881400999998 6.7815308584 6.8319735766000003 6.8824162948999996 6.9328590131999999 6.9833017315000001 7.0337444498000004 7.1107039587000003 7.5511893311999998 7.9916747036000002 8.1342630393000004 8.227957001 8.3216509626999997 8.4153449242999994 8.5090388860000008 8.6027328476000005 8.6964268093000001 8.7901207709999998 8.8838147325999994
5.6993297355000001 5.6815445984000004 5.7062710597999997 5.7345084869000003 5.7627459139999999 5.7909833410999996 5.8192207682000001 5.8474581952999998 5.8756956224000003 5.8622919411999996 5.8390100013000001 5.8157280613999998 5.8172868152000001 5.8305803352999996 5.8399671155000004 5.8452553698000003 6.0337216745999998 6.3190537571999998 6.3351490831000001 6.3512444089000004 6.3758313399000004 6.4262740581999998 6.4767167765 6.5271594948000002 6.5776022130999996 6.6280449313999998 6.6784876497000001 6.7289303680000003 6.7793730862999997 6.8298158045999999 6.8802585229000002 6.9307012412000004 6.9811439594999998 7.2835690717999997 7.7240544442000001 7.9628950133999998 8.0565889750000004 8.1502829367 8.2439768983999997 8.3376708599999994 8.4313648217000008 8.5250587833000004 8.6187527450000001 8.7124467066999998
5.7050787772999998 5.6872936402000001 5.6695085031000003 5.6839576075 5.7121950345999997 5.7404324617000002 5.7686698887999999 5.7969073159000004 5.8251447430000001 5.8533821700999997 5.8816195972000003 5.8734064427000003 5.8501245027 5.8461606686999996 5.8594374228000001 5.8647256771 6.0868836154999997 6.2041149570999998 6.2202102830000001 6.2363056089000004 6.2727881312999996 6.3232308495999998 6.3736735679000001 6.4241162862000003 6.4745590044999997 6.5250017227999999 6.5754444411000001 6.6258871594000004 6.6763298776999997 6.726772596 6.7772153143000002 6.8276580324999996 6.8781007507999998 7.0159488122999996 7.4564341848 7.7915269874000002 7.8852209490999998 7.9789149107000004 8.0726088724 8.1663028340999997 8.2599967956999993 8.3536907574000008 8.4473847190000004 8.5410786807000001
5.7108278191000004 5.6930426819999997 5.6752575449 5.6574724078000003 5.6616441552000003 5.6898815823 5.7181190093999996 5.7463564365000002 5.7745938635999998 5.8028312907000004 5.8310687178 5.8593061448999997 5.8875435720000002 5.8845209441000002 5.8750345222 5.8841959843999998 6.0730808312000004 6.0891761570999998 6.1052714830000001 6.1213668089000004 6.1697449225999996 6.2201876408999999 6.2706303592000001 6.3210730775000004 6.3715157957999997 6.4219585141 6.4724012324000002 6.5228439506999996 6.5732866689999998 6.6237293873 6.6741721056000003 6.7246148238999996 6.7750575421999999 6.8255002605000001 7.1888139252999999 7.6201589614999996 7.7138529231000001 7.8075468847999998 7.9012408465000004 7.9949348081 8.0886287697999997 8.1823227313999993 8.2760166931000008 8.3697106548000004
5.7165768609000001 5.6987917238000003 5.6810065866999997 5.6632214496 5.6454363124000002 5.6393307028999997 5.6675681300000003 5.6958055570999999 5.7240429842999996 5.7522804114000001 5.7805178384999998 5.8087552656000003 5.8369926927 5.8652301197999996 5.8934675469000002 5.9036662916999996 5.9581420312000004 5.9742373570999998 5.9903326830000001 6.0162589957000003 6.0667017139999997 6.1171444322999999 6.1675871506000002 6.2180298689000004 6.2684725871999998 6.3189153055 6.3693580238000003 6.4198007420999996 6.4702434603999999 6.5206861787000001 6.5711288970000004 6.6215716152999997 6.6720143336 6.7224570519000002 6.9211936658999997 7.3616790383000001 7.5424848971999996 7.6361788588000001 7.7298728204999998 7.8235667822000003 7.9172607438 8.0109547054999997 8.1046486670999993 8.1983426288000008
