raw/raster/Surfaceelevation.asc
ncols        165
nrows        175
xllcorner    578198.432241140050
yllcorner    2315983.227906900000
cellsize     100.000000000000
NODATA_value  1.7014100000000001e+038
[rows 20 to 39 of 175, columns 0 to 43 of 165]
7.9551216213 7.9080612614000003 7.8610009014999997 7.8139405416000001 7.7668801817000004 7.7198198218999998 7.6727594620000001 7.6256991020999996 7.5786387421999999 7.5315783823000002 7.4845180224999996 7.4374576626 7.3903973027000003 7.3433369427999997 7.2962765829 7.2492162231000004 7.2021558631999998 7.1550955033000001 7.1080351434000004 7.0609747834999999 7.0139144237000002 6.9668540637999996 6.9197937038999999 6.8928794414999999 6.8736923551000002 6.9235744639999997 7.0498882189999996 7.1301323872999998 7.1979272018999998 7.2657220164999998 7.3335168310999999 7.4013116457999999 7.4691064603999999 7.536901275 7.6046960896 7.6724909043 7.7402857189000001 7.8080805335000001 7.8758753481000001 7.9436701628000002 8.0114649773999993 8.0792597920000002 8.1470546065999994 8.2148494213000003
7.8732557367 7.8261953768000003 7.7791350168999998 7.7320746571000001 7.6850142972000004 7.6379539372999998 7.5908935774000001 7.5438332174999996 7.4967728576999999 7.4497124978000002 7.4026521378999997 7.355591778 7.3085314181000003 7.2614710582999997 7.2144106984 7.1673503385000004 7.1202899785999998 7.0732296188000001 7.0261692589000004 6.9791088989999999 6.9320485391000002 6.9128532289000004 6.8936661424999999 6.8744790561000002 6.8552919696999997 6.9272283872999996 7.0535421423000004 7.1798558973000004 7.2860678193000004 7.3538626339000004 7.4216574485000004 7.4894522630999996 7.5572470777999996 7.6250418923999996 7.6928367069999997 7.7606315215999997 7.8284263362999997 7.8962211508999998 7.9640159654999998 8.0318107801000007 8.0996055947999999 8.1674004094000008 8.2351952239999999 8.3029900386000008
7.7913898522 7.7443294923000003 7.6972691323999998 7.6502087725000001 7.6031484126000004 7.5560880527999998 7.5090276929000002 7.4619673329999996 7.4149069730999999 7.3678466132000002 7.3207862533999997 7.2737258935 7.2266655336000003 7.1796051736999997 7.1325448138 7.0854844540000004 7.0384240940999998 6.9913637342000001 6.9520141027999998 6.9328270164000001 6.9136399300000004 6.8944528435999999 6.8752657572000002 6.8560786706999997 6.8368915843 6.9308823106000004 7.0571960656000003 7.1835098206000003 7.3098235756000003 7.4361373307000003 7.5097980659000001 7.5775928805000001 7.6453876951000002 7.7131825098000002 7.7809773244000002 7.8487721390000003 7.9165669536000003 7.9843617683000003 8.0521565829000004 8.1199513974999995 8.1877462121000004 8.2555410267999996 8.3233358414000005 8.3911306559999996
7.7095239676 7.6624636077000003 7.6154032478999998 7.5683428880000001 7.5212825281000004 7.4742221681999998 7.4271618083000002 7.3801014484999996 7.3330410885999999 7.2859807287000002 7.2389203687999997 7.1918600089 7.1447996491000003 7.0977392891999997 7.0506789293000001 7.0036185694000004 6.9719878903000003 6.9528008038999998 6.9336137175000001 6.9144266311000004 6.8952395445999999 6.8760524582000002 6.8568653717999997 6.8376782854 6.8184911990000003 6.9345362338000003 7.0608499889000003 7.1871637439000002 7.3134774989000002 7.4397912540000002 7.5661050090000002 7.6657334978999998 7.7335283124999998 7.8013231270999999 7.8691179417999999 7.9369127563999999 8.0047075710000009 8.0725023856 8.1402972002999991 8.2080920149000001 8.2758868294999992 8.3436816441000001 8.4114764587999993 8.4792712734000002
7.6276580831 7.5805977232000004 7.5335373632999998 7.4864770034000001 7.4394166435000004 7.3923562836999999 7.3452959238000002 7.2982355638999996 7.2511752039999999 7.2041148441000002 7.1570544842999997 7.1099941244 7.0629337645000003 7.0158734045999998 6.9919616778 6.9727745914000003 6.9535875048999998 6.9344004185000001 6.9152133321000004 6.8960262456999999 6.8768391593000002 6.8576520728999997 6.8384649864 6.8192779000000003 6.8118764021000002 6.9381901571000002 7.0645039122000002 7.1908176672000002 7.3171314222000001 7.4434451772000001 7.5697589323000001 7.6960726873 7.8216689299000004 7.8894637445000004 7.9572585590999996 8.0250533738000005 8.0928481883999996 8.1606430030000006 8.2284378175999997 8.2962326323000006 8.3640274468999998 8.4318222615000007 8.4996170760999998 8.5674118908000008
7.5457921985 7.4987318386000004 7.4516714787999998 7.4046111189000001 7.3575507590000004 7.3104903990999999 7.2634300392000002 7.2163696793999996 7.1693093194999999 7.1222489596000003 7.0751885996999997 7.0311225517000002 7.0119354651999997 6.9927483788 6.9735612924000003 6.9543742059999998 6.9351871196000001 6.9160000331999996 6.8968129466999999 6.8776258603000002 6.8584387738999997 6.8392516875 6.8200646011000003 6.8008775146999998 6.8155303254000001 6.9418440804000001 7.0681578354000001 7.1944715905000001 7.3207853455 7.4470991005 7.5734128556 7.6997266106 7.8260403655999999 7.9523541205999999 8.0453991765000001 8.1131939910999993 8.1809888057000002 8.2487836203999994 8.3165784350000003 8.3843732495999994 8.4521680642000003 8.5199628788999995 8.5877576935000004 8.6555525080999995
7.4639263140000001 7.4168659541000004 7.3698055941999998 7.3227452343000001 7.2756848744999996 7.2286245145999999 7.1815641547000002 7.1345037947999996 7.0874434349 7.0510963390999999 7.0319092527000002 7.0127221662999997 6.9935350799 6.9743479935000003 6.9551609070999998 6.9359738206000001 6.9167867341999996 6.8975996477999999 6.8784125614000002 6.8592254749999997 6.8400383885 6.8208513021000003 6.8016642156999998 6.7824771293000001 6.8191842487000001 6.9454980037 7.0718117587 7.1981255138 7.3244392688 7.4507530237999999 7.5770667787999999 7.7033805338999999 7.8296942888999999 7.9560080438999998 8.0823217990000007 8.2013346084999998 8.2691294231000008 8.3369242376999999 8.4047190524000008 8.472513867 8.5403086815999991 8.6081034962 8.6758983108999992 8.7436931255000001
7.3820604294000001 7.3350000695000004 7.2879397096999998 7.2408793498000001 7.1938189898999996 7.1467586299999999 7.0996982701000002 7.0710701265999996 7.0518830401999999 7.0326959538000002 7.0135088673999997 6.9943217809 6.9751346945000003 6.9559476080999998 6.9367605217000001 6.9175734352999996 6.8983863488999999 6.8791992624000002 6.8600121759999997 6.8408250896 6.8216380032000004 6.8024509167999998 6.7832638303000001 6.7640767438999996 6.822838172 6.949151927 7.0754656819999999 7.2017794369999999 7.3280931920999999 7.4544069470999998 7.5807207020999998 7.7070344571999998 7.8333482121999998 7.9596619671999997 8.0859757222000006 8.2122894773000006 8.3386032323000006 8.4250648551000005 8.4928596696999996 8.5606544844000005 8.6284492989999997 8.6962441136000006 8.7640389281999997 8.8318337429000007
7.3001945449000001 7.2531341850000004 7.2060738250999998 7.1590134652000001 7.1119531053999996 7.0910439141000001 7.0718568276999996 7.0526697412999999 7.0334826548000002 7.0142955683999997 6.995108482 6.9759213956000004 6.9567343091999998 6.9375472227000001 6.9183601362999996 6.8991730498999999 6.8799859635000002 6.8607988770999997 6.8416117907 6.8224247042000004 6.8032376177999998 6.7840505314000001 6.7648634449999996 6.7456763585999999 6.8264920952999999 6.9528058502999999 7.0791196052999998 7.2054333602999998 7.3317471153999998 7.4580608703999998 7.5843746253999997 7.7106883803999997 7.8370021354999997 7.9633158904999997 8.0896296455000005 8.2159434006000005 8.3422571556000005 8.4685709106000004 8.5810002871000002 8.6487951016999993 8.7165899164000002 8.7843847309999994 8.8521795456000003 8.9199743601999995
7.2183286603000001 7.1712683005000004 7.1302047880000003 7.1110177015999998 7.0918306151000001 7.0726435286999996 7.0534564422999999 7.0342693559000002 7.0150822694999997 6.9958951831 6.9767080966000004 6.9575210101999998 6.9383339238000001 6.9191468373999996 6.8999597509999999 6.8807726645000002 6.8615855780999997 6.8423984917 6.8232114053000004 6.8040243188999998 6.7848372325000001 6.7656501459999996 6.7464630595999999 6.7272759732000003 6.8301460184999998 6.9564597735999998 7.0827735285999998 7.2090872835999997 7.3354010386999997 7.4617147936999997 7.5880285486999997 7.7143423036999996 7.8406560587999996 7.9669698137999996 8.0932835688000004 8.2195973238000004 8.3459110789000004 8.4722248339000004 8.5985385889000003 8.7248523440000003 8.8047305337000008 8.8725253484 8.9403201630000009 9.0081149776
7.1501785754 7.1309914890000003 7.1118044025999998 7.0926173162000001 7.0734302297999996 7.0542431433999999 7.0350560569000002 7.0158689704999997 6.9966818841 6.9774947977000004 6.9583077112999998 6.9391206249000001 6.9199335383999996 6.9007464519999999 6.8815593656000003 6.8623722791999997 6.8431851928 6.8239981063000004 6.8048110198999998 6.7856239335000001 6.7664368470999996 6.7472497606999999 6.7280626743000003 6.7088755877999997 6.8337999417999997 6.9601136968999997 7.0864274518999997 7.2127412068999996 7.3390549618999996 7.4653687169999996 7.5916824719999996 7.7179962270000004 7.8443099821000004 7.9706237371000004 8.0969374921000004 8.2232512471000003 8.3495650022000003 8.4758787572000003 8.6021925122000003 8.7285062672000002 8.8548200223000002 8.9606659657000005 9.0284607803999997 9.0962555950000006
7.1317781901000004 7.1125911036999998 7.0934040173000001 7.0742169307999996 7.0550298443999999 7.0358427580000003 7.0166556715999997 6.9974685852 6.9782814987000004 6.9590944122999998 6.9399073259000001 6.9207202394999996 6.9015331530999999 6.8823460667000003 6.8631589801999997 6.8439718938 6.8247848074000004 6.8055977209999998 6.7864106346000002 6.7672235481999996 6.7480364616999999 6.7288493753000003 6.7096622888999997 6.7111401100999997 6.8374538650999996 6.9637676200999996 7.0900813751999996 7.2163951301999996 7.3427088852000004 7.4690226403000004 7.5953363953000004 7.7216501503000003 7.8479639053000003 7.9742776604000003 8.1005914154000003 8.2269051704000002 8.3532189254000002 8.4795326805000002 8.6058464355000002 8.7321601905000001 8.8584739456000001 8.9847877006000001 9.1111014556000001 9.1843962122999994
7.1133778046999998 7.0941907183000001 7.0750036318999996 7.0558165454999999 7.0366294591000003 7.0174423725999997 6.9982552862 6.9790681998000004 6.9598811133999998 6.9406940270000002 6.9215069404999996 6.9023198540999999 6.8831327677000003 6.8639456812999997 6.8447585949 6.8255715085000004 6.8063844219999998 6.7871973356000002 6.7680102491999996 6.7488231627999999 6.7296360764000003 6.7104489899999997 6.6912619035000001 6.7147940333999996 6.8411077883999996 6.9674215434000004 7.0937352985000004 7.2200490535000004 7.3463628085000003 7.4726765635000003 7.5989903186000003 7.7253040736000003 7.8516178286000002 7.9779315837000002 8.1042453387000002 8.2305590937000002 8.3568728487000001 8.4831866038000001 8.6095003588000001 8.7358141138000001 8.8621278688 8.9884416239 9.1147553789 9.2130617446999992
7.0949774194000002 7.0757903328999996 7.0566032464999999 7.0374161601000003 7.0182290736999997 6.9990419873 6.9798549009000004 6.9606678143999998 6.9414807280000002 6.9222936415999996 6.9031065551999999 6.8839194688000003 6.8647323822999997 6.8455452959 6.8263582095000004 6.8071711230999998 6.7879840367000002 6.7687969502999996 6.7496098637999999 6.7304227774000003 6.7112356909999997 6.6920486046000001 6.6728615182000004 6.7184479567000004 6.8447617117000004 6.9710754667000003 7.0973892217000003 7.2237029768000003 7.3500167318000003 7.4763304868000002 7.6026442419000002 7.7289579969000002 7.8552717519000002 7.9815855069000001 8.1078992620000001 8.2342130170000001 8.3605267720000001 8.4868405271 8.6131542821 8.7394680371 8.8657817920999999 8.9345288243999992 9.0091648185000004 9.0691021394
7.0765770339999996 7.0573899475999999 7.0382028612000003 7.0190157746999997 6.9998286883 6.9806416019000004 6.9614545154999998 6.9422674291000002 6.9230803426999996 6.9038932561999999 6.8847061698000003 6.8655190833999997 6.8463319970000001 6.8271449106000004 6.8079578241999998 6.7887707377000002 6.7695836512999996 6.7503965649 6.7312094785000003 6.7120223920999997 6.6928353056000001 6.6736482192000004 6.6544611327999998 6.7221018800000003 6.8484156350000003 6.9747293900000003 7.1010431450000002 7.2273569001000002 7.3536706551000002 7.4799844101000001 7.6062981651000001 7.7326119202000001 7.8589256752000001 7.9852394302 8.1115531853 8.2378669403 8.3641806953 8.4904944502999999 8.6168082053999999 8.6882326722999998 8.7043462326000007 8.8020428462000009 8.9367999554999997 8.9251425342000008
7.0581766485999999 7.0389895622000003 7.0198024757999997 7.0006153894000001 6.9814283030000004 6.9622412164999998 6.9430541301000002 6.9238670436999996 6.9046799572999999 6.8854928709000003 6.8663057844999997 6.8471186980000001 6.8279316116000004 6.8087445251999998 6.7895574388000002 6.7703703523999996 6.751183266 6.7319961795000003 6.7128090930999997 6.6936220067000001 6.6744349203000004 6.6552478338999999 6.6360607474000002 6.7257558032000002 6.8520695583000002 6.9783833133000002 7.1046970683000001 7.2310108234000001 7.3573245784000001 7.4836383334000001 7.6099520884 7.7362658435 7.8625795985 7.9888933535 8.1152071084999999 8.2415208635999999 8.3678346185999999 8.4419365203000005 8.4580500805999996 8.4741636408000005 8.5949208739999996 8.7296779832000002 8.8644350925000008 8.7811829288999999
7.0320966947999999 7.0205891768999997 7.0014020904000001 6.9822150040000004 6.9630279175999998 6.9438408312000002 6.9246537447999996 6.9054666582999999 6.8862795719000003 6.8670924854999997 6.8479053991000001 6.8287183127000004 6.8095312262999999 6.7903441398000002 6.7711570533999996 6.751969967 6.7327828806000003 6.7135957941999997 6.6944087078000001 6.6752216213000004 6.6560345348999999 6.6368474485000002 6.6176603620999996 6.7294097265000001 6.8557234816000001 6.9820372366000001 7.1083509916000001 7.2346647466 7.3609785017 7.4872922567 7.6136060117 7.7399197667999999 7.8662335217999999 7.9925472767999999 8.1188610317999999 8.1956403682999994 8.2117539285000003 8.2278674887999994 8.2530417924999995 8.3877989017000001 8.5225560110000007 8.6573131202999996 8.7463376385 8.6372233236000007
6.9907334301999997 6.9793510524000002 6.9679686745999998 6.9565862968000003 6.9446275322000002 6.9254404457999996 6.9062533594 6.8870662730000003 6.8678791865999997 6.8486921002000001 6.8295050137000004 6.8103179272999999 6.7911308409000002 6.7719437544999996 6.7527566681 6.7335695816000003 6.7143824951999997 6.6951954088000001 6.6760083224000004 6.6568212359999999 6.6376341496000002 6.6184470630999996 6.6067498948000001 6.7330636498000001 6.8593774048 6.9856911599 7.1120049149 7.2383186698999999 7.3646324249999999 7.4909461799999999 7.6172599349999999 7.7435736899999998 7.8698874450999998 7.9493442162000001 7.9654577765000001 7.9815713367000001 7.9976848970000001 8.0459198202 8.1806769295000006 8.3154340387999994 8.450191148 8.5849482573000007 8.6023780332000008 8.4932637182999997
6.9493701655000004 6.9379877878 6.9266054099999996 6.9152230322000001 6.9038406543999997 6.8924582767000002 6.8810758988999998 6.8686658875999997 6.8494788012000001 6.8302917148000004 6.8111046283999999 6.7919175420000002 6.7727304554999996 6.7535433691 6.7343562827000003 6.7151691962999998 6.6959821099000001 6.6767950234000004 6.6576079369999999 6.6384208506000002 6.6192337641999996 6.6000466778 6.6104038181 6.7367175731 6.8630313280999999 6.9893450831999999 7.1156588381999999 7.2419725931999999 7.3682863481999998 7.4946001032999998 7.6209138582999998 7.7030480641999999 7.7191616243999999 7.7352751846999999 7.7513887449999999 7.7675023051999998 7.8387978479999996 7.9735549572000002 8.1083120664999999 8.2430691758000005 8.3778262850999994 8.5125833943 8.4584184278999999 8.3493041130000005
6.9080069009000002 6.8966245230999998 6.8852421454000003 6.8738597675999999 6.8624773898000004 6.851095012 6.8397126342999996 6.8283302565000001 6.8169478786999997 6.8055655009000002 6.7927042430000002 6.7735171565999996 6.7543300702 6.7351429838000003 6.7159558972999998 6.6967688109000001 6.6775817245000004 6.6583946380999999 6.6392075517000002 6.6200204651999996 6.6008333788 6.5816462924000003 6.6140577413999999 6.7403714963999999 6.8666852513999999 6.9929990063999998 7.1193127614999998 7.2456265164999998 7.3719402714999998 7.4567519120999997 7.4728654723999997 7.4889790326999996 7.5050925928999996 7.5212061531999996 7.5373197134999996 7.6316758757000001 7.7664329849999998 7.9011900943000004 8.0359472034999992 8.1707043127999999 8.3054614221000005 8.4235731375 8.3144588227000007 8.2053445077999996
