raw/raster/Surfaceelevation.asc
ncols        165
nrows        175
xllcorner    578198.432241140050
yllcorner    2315983.227906900000
cellsize     100.000000000000
NODATA_value  1.7014100000000001e+038
[rows 20 to 39 of 175, columns 88 to 131 of 165]
8.7820711569000007 8.6946825722999996 8.6430163994000004 8.6218851011000002 8.6007538026999999 8.5796225043999996 8.5584912060999994 8.5373599078000009 8.5162286095000006 8.4950973112000003 8.4739660128000001 8.4528347144999998 8.4317034161999995 8.4105721178999993 8.3894408196000008 8.3683095213000005 8.3471782229000002 8.3260469246 8.3049156262999997 8.2837843279999994 8.2626530296999992 8.2415217314000007 8.2203904330000004 8.1992591347000001 8.1781278363999999 8.1569965380999996 8.1358652397999993 8.1147339415000008 8.0936026431000005 8.0724713448000003 8.0513400465 8.0302087481999997 8.0090774498999995 7.9879461516000001 7.9668148531999998 7.9456835548999996 7.9245522566000002 7.9034209582999999 7.8822896599999996 7.8611583617000003 7.8400270633 7.8188957649999997 7.7977644667000003 7.7766331684000001
8.8956432214000003 8.8082546367999992 8.7208660521999999 8.6334774677000006 8.5895342768000003 8.5684029785 8.5472716801999997 8.5261403818999995 8.5050090835999992 8.4838777853000007 8.4627464869000004 8.4416151886000002 8.4204838902999999 8.3993525919999996 8.3782212936999994 8.3570899954000009 8.3359586970000006 8.3148273987000003 8.2936961004 8.2725648020999998 8.2514335037999995 8.2303022054999992 8.2091709071000007 8.1880396088000005 8.1669083105000002 8.1457770121999999 8.1246457138999997 8.1035144155999994 8.0823831171999991 8.0612518189000006 8.0401205206000004 8.0189892223000001 7.9978579239999998 7.9767266256999996 7.9555953273000002 7.9344640289999999 7.9133327306999997 7.8922014324000003 7.8710701341 7.8499388357999997 7.8288075374000003 7.8076762391000001 7.7865449407999998 7.7654136425000004
9.0092152858999999 8.9218267013000006 8.8344381166999995 8.7470495322000001 8.6596609476000008 8.5722723629999997 8.5360521543000001 8.5149208559999998 8.4937895576999995 8.4726582593999993 8.4515269610000008 8.4303956627000005 8.4092643644000002 8.3881330661 8.3670017677999997 8.3458704694999994 8.3247391710999992 8.3036078728000007 8.2824765745000004 8.2613452762000001 8.2402139778999999 8.2190826795999996 8.1979513811999993 8.1768200829000008 8.1556887846000006 8.1345574863000003 8.113426188 8.0922948896999998 8.0711635912999995 8.0500322929999992 8.0289009947000007 8.0077696964000005 7.9866383981000002 7.9655070997999999 7.9443758013999997 7.9232445031000003 7.9021132048 7.8809819064999997 7.8598506082000004 7.8387193099000001 7.8175880114999998 7.7964567132000004 7.7753254149000002 7.7541941165999999
9.1227873503999994 9.0353987658000001 8.9480101812000008 8.8606215966999997 8.7732330121000004 8.6858444274999993 8.598455843 8.5110672584000007 8.4825700317999999 8.4614387333999996 8.4403074350999994 8.4191761368000009 8.3980448385000006 8.3769135402000003 8.3557822419000001 8.3346509434999998 8.3135196451999995 8.2923883468999993 8.2712570486000008 8.2501257503000005 8.2289944520000002 8.2078631536 8.1867318552999997 8.1656005569999994 8.1444692586999992 8.1233379604000007 8.1022066621000004 8.0810753637000001 8.0599440653999999 8.0388127670999996 8.0176814687999993 7.9965501704999999 7.9754188721999997 7.9542875738000003 7.9331562755 7.9120249771999998 7.8908936789000004 7.8697623806000001 7.8486310822999998 7.8274997838999996 7.8063684856000002 7.7852371872999999 7.7641058889999996 7.7429745907000003
9.2363594149000008 9.1489708302999997 9.0615822457000004 8.9741936611999993 8.8868050766 8.7994164920000006 8.7120279074999996 8.6246393229000002 8.5372507382999991 8.4502192075 8.4290879091999997 8.4079566108999995 8.3868253125999992 8.3656940143000007 8.3445627160000004 8.3234314176000002 8.3023001192999999 8.2811688209999996 8.2600375226999994 8.2389062244000009 8.2177749261000006 8.1966436277000003 8.1755123294000001 8.1543810310999998 8.1332497327999995 8.1121184344999993 8.0909871362000008 8.0698558378000005 8.0487245395000002 8.0275932412 8.0064619428999997 7.9853306446000003 7.9641993463 7.9430680478999998 7.9219367496000004 7.9008054513000001 7.8796741529999998 7.8585428546999996 7.8374115564000002 7.8162802579999999 7.7951489596999997 7.7740176614000003 7.7528863631 7.7317550647999997
9.3499314794000004 9.2625428947999993 9.1751543101999999 9.0877657257000006 9.0003771410999995 8.9129885565000002 8.8255999719999991 8.7382113873999998 8.6508228028000005 8.5634342182999994 8.4760456337000001 8.3967370849999998 8.3756057866999996 8.3544744883999993 8.3333431900000008 8.3122118917000005 8.2910805934000003 8.2699492951 8.2488179967999997 8.2276866984999995 8.2065554000999992 8.1854241018000007 8.1642928035000004 8.1431615052000001 8.1220302068999999 8.1008989085999996 8.0797676101999993 8.0586363119000008 8.0375050136000006 8.0163737153000003 7.995242417 7.9741111186999998 7.9529798203000004 7.9318485220000001 7.9107172236999999 7.8895859253999996 7.8684546271000002 7.8473233287999999 7.8261920303999997 7.8050607321000003 7.7839294338 7.7627981354999998 7.7416668372000004 7.7205355389000001
9.4635035438999999 9.3761149593000006 9.2887263746999995 9.2013377902000002 9.1139492056000009 9.0265606209999998 8.9391720365000005 8.8517834518999994 8.7643948673000001 8.6770062828000007 8.5896176981999997 8.5022291136000003 8.4148405289999992 8.3432549624999996 8.3221236640999994 8.3009923658000009 8.2798610675000006 8.2587297692000003 8.2375984709000001 8.2164671725999998 8.1953358741999995 8.1742045758999993 8.1530732776000008 8.1319419793000005 8.1108106810000002 8.0896793827 8.0685480842999997 8.0474167859999994 8.0262854876999992 8.0051541894000007 7.9840228911000004 7.9628915928000001 7.9417602943999999 7.9206289960999996 7.8994976978000002 7.8783663995 7.8572351011999997 7.8361038029000003 7.8149725045 7.7938412061999998 7.7727099079000004 7.7515786096000001 7.7304473112999998 7.7093160129999996
9.5175667023999999 9.4642782082999997 9.4022984392000009 9.3149098546999998 9.2275212701000005 9.1401326854999994 9.052744101 8.9653555164000007 8.8779669317999996 8.7905783473000003 8.7031897626999992 8.6158011780999999 8.5284125935000006 8.4410240089999995 8.3536354244000002 8.2897728398999995 8.2686415415999992 8.2475102433000007 8.2263789450000004 8.2052476467000002 8.1841163482999999 8.1629850499999996 8.1418537516999994 8.1207224534000009 8.0995911551000006 8.0784598568000003 8.0573285584000001 8.0361972600999998 8.0150659617999995 7.9939346635000001 7.9728033651999999 7.9516720668999996 7.9305407685000002 7.9094094702 7.8882781718999997 7.8671468736000003 7.8460155753 7.8248842769999998 7.8037529786000004 7.7826216803000001 7.7614903819999999 7.7403590836999996 7.7192277854000002 7.6980964870999999
9.5439489771999995 9.4906604829999992 9.4373719889000007 9.3840834948000005 9.3307950007000002 9.2537047500000007 9.1663161654999996 9.0789275809000003 8.9915389962999992 8.9041504117999999 8.8167618272000006 8.7293732425999995 8.6419846580000002 8.5545960735000008 8.4672074888999997 8.3798189043000004 8.2924303197999993 8.2362907173999993 8.2151594191000008 8.1940281207000005 8.1728968224000003 8.1517655241 8.1306342257999997 8.1095029274999995 8.0883716291999992 8.0672403308000007 8.0461090325000004 8.0249777342000002 8.0038464358999999 7.9827151375999996 7.9615838393000002 7.9404525409 7.9193212425999997 7.8981899443000003 7.8770586460000001 7.8559273476999998 7.8347960494000004 7.8136647510000001 7.7925334526999999 7.7714021543999996 7.7502708561000002 7.7291395577999999 7.7080082594999997 7.6868769611000003
9.5703312519000008 9.5170427578000005 9.4637542637000003 9.4104657696 9.3571772754999998 9.3038887812999995 9.2506002871999993 9.1924996453999999 9.1051110608000005 9.0177224762999995 8.9303338917000001 8.8429453071000008 8.7555567224999997 8.6681681380000004 8.5807795533999993 8.4933909688 8.4060023843000007 8.3186137996999996 8.2312252151000003 8.1828085947999991 8.1616772965000006 8.1405459982000004 8.1194146999000001 8.0982834015999998 8.0771521032999996 8.0560208048999993 8.0348895066000008 8.0137582083000005 7.9926269100000003 7.9714956117 7.9503643133999997 7.9292330150000003 7.9081017167000001 7.8869704183999998 7.8658391201000004 7.8447078218000001 7.8235765234999999 7.8024452250999996 7.7813139268000002 7.7601826285 7.7390513301999997 7.7179200319000003 7.6967887336 7.6756574351999998
9.5967135267000003 9.5434250326000001 9.4901365384999998 9.4368480443999996 9.3835595501999993 9.3302710561000008 9.2769825620000006 9.2236940679000003 9.1704055738000001 9.1171170796999998 9.0439059561999997 8.9565173716000004 8.8691287869999993 8.7817402025 8.6943516179000007 8.6069630332999996 8.5195744488000003 8.4321858641999992 8.3447972795999998 8.2574086951000005 8.1700201104999994 8.1293264723000007 8.1081951740000004 8.0870638757000002 8.0659325773999999 8.0448012789999996 8.0236699806999994 8.0025386824000009 7.9814073840999997 7.9602760858000003 7.9391447875000001 7.9180134890999998 7.8968821908000004 7.8757508925000002 7.8546195941999999 7.8334882958999996 7.8123569976000002 7.7912256992 7.7700944008999997 7.7489631026000003 7.7278318043000001 7.7067005059999998 7.6855692077000004 7.6644379093000001
9.6230958014999999 9.5698073073999996 9.5165188132999994 9.4632303191999991 9.4099418250000006 9.3566533309000004 9.3033648368000001 9.2500763426999999 9.1967878485999996 9.1434993543999994 9.0902108602999991 9.0369223662000007 8.9827008515000006 8.8953122669999996 8.8079236824000002 8.7205350977999991 8.6331465132999998 8.5457579287000005 8.4583693440999994 8.3709807596000001 8.2835921750000008 8.1962035903999997 8.1088150058000004 8.0758443498000005 8.0547130514000003 8.0335817531 8.0124504547999997 7.9913191565000004 7.9701878582000001 7.9490565598999998 7.9279252615000004 7.9067939632000002 7.8856626648999999 7.8645313665999996 7.8434000683000002 7.82226877 7.8011374715999997 7.7800061733000003 7.7588748750000001 7.7377435766999998 7.7166122784000004 7.6954809801000001 7.6743496816999999 7.6532183833999996
9.6494780762999994 9.5961895821999992 9.5429010881000007 9.4896125939000004 9.4363240998000002 9.3830356056999999 9.3297471115999997 9.2764586174999994 9.2231701232999992 9.1698816292000007 9.1165931351000005 9.0633046410000002 9.0100161469 8.9567276526999997 8.9034391585999995 8.8341071623000005 8.7467185777999994 8.6593299932000001 8.5719414086000008 8.4845528240999997 8.3971642395000003 8.3097756548999993 8.2223870702999999 8.1349984858000006 8.0476099011999995 8.0223622272000004 8.0012309289000001 7.9800996305999998 7.9589683322999996 7.9378370340000002 7.9167057355999999 7.8955744372999996 7.8744431390000003 7.8533118407 7.8321805423999997 7.8110492441000003 7.7899179457000001 7.7687866473999998 7.7476553491000004 7.7265240508000002 7.7053927524999999 7.6842614541999996 7.6631301558000002 7.6419988575
9.6758603511000008 9.6225718570000005 9.5692833628000002 9.5159948687 9.4627063745999997 9.4094178804999995 9.3561293863999992 9.3028408922000008 9.2495523981000005 9.1962639040000003 9.1429754099 9.0896869157999998 9.0363984215999995 8.9831099274999993 8.9298214334000008 8.8765329393000005 8.8232444452000003 8.769955951 8.6855134731000003 8.5981248885999992 8.5107363039999999 8.4233477194000006 8.3359591347999995 8.2485705503000002 8.1611819657000009 8.0737933810999998 7.9900114029999996 7.9688801047000002 7.9477488063999999 7.9266175079999996 7.9054862097000003 7.8843549114 7.8632236130999997 7.8420923148000004 7.8209610165000001 7.7998297180999998 7.7786984198000004 7.7575671215000002 7.7364358231999999 7.7153045248999996 7.6941732266000002 7.6730419282 7.6519106298999997 7.6307793316000003
9.7022426259000003 9.6489541317 9.5956656375999998 9.5423771434999995 9.4890886493999993 9.4358001553000008 9.3825116611000006 9.3292231670000003 9.2759346729000001 9.2226461787999998 9.1693576846999996 9.1160691904999993 9.0627806964000008 9.0094922023000006 8.9562037082000003 8.9029152141000001 8.8496267198999998 8.7963382257999996 8.7430497316999993 8.6897612376000009 8.6243083684999995 8.5369197839000002 8.4495311993000008 8.3621426147999998 8.2747540302000004 8.1873654455999993 8.0999768611 8.0125882765000007 7.9365292805000003 7.9153979821 7.8942666837999997 7.8731353855000004 7.8520040872000001 7.8308727888999998 7.8097414905999996 7.7886101922000002 7.7674788938999999 7.7463475955999996 7.7252162973000003 7.704084999 7.6829537006999997 7.6618224023000003 7.6406911040000001 7.6195598056999998
9.7286249005999998 9.6753364064999996 9.6220479123999993 9.5687594183000009 9.5154709242000006 9.4621824300000004 9.4088939359000001 9.3556054417999999 9.3023169476999996 9.2490284535999994 9.1957399594000009 9.1424514653000006 9.0891629712000004 9.0358744771000001 8.9825859829999999 8.9292974888999996 8.8760089946999994 8.8227205005999991 8.7694320065000007 8.7161435124000004 8.6628550183000002 8.6095665240999999 8.5562780299999996 8.4757146792999993 8.3883260947 8.3009375101000007 8.2135489255999996 8.1261603410000003 8.0387717563999992 7.9513831718999999 7.8830471579000001 7.8619158595999998 7.8407845612999996 7.8196532630000002 7.7985219646999999 7.7773906662999996 7.7562593680000003 7.7351280697 7.7139967713999997 7.6928654731000004 7.6717341748000001 7.6506028763999998 7.6294715781000004 7.6083402798000002
9.7550071753999994 9.7017186812999991 9.6484301872000007 9.5951416931000004 9.5418531989000002 9.4885647047999999 9.4352762106999997 9.3819877165999994 9.3286992224999992 9.2754107284000007 9.2221222342000004 9.1688337401000002 9.1155452459999999 9.0622567518999997 9.0089682577999994 8.9556797635999992 8.9023912695000007 8.8491027754000005 8.7958142813000002 8.7425257872 8.6892372929999997 8.6359487988999994 8.5826603047999992 8.5293718107000007 8.4760833166000005 8.4145095746000003 8.3271209900999992 8.2397324054999999 8.1523438209000005 8.0649552363999994 7.9775666518000001 7.8901780671999999 7.8295650353999999 7.8084337370999997 7.7873024387000003 7.7661711404 7.7450398420999997 7.7239085438000004 7.7027772455000001 7.6816459471999998 7.6605146488000004 7.6393833505000002 7.6182520521999999 7.5971207538999996
9.7813894502000007 9.7281009561000005 9.6748124620000002 9.6215239678 9.5682354736999997 9.5149469795999995 9.4616584854999992 9.4083699914000007 9.3550814973000005 9.3017930031000002 9.248504509 9.1952160148999997 9.1419275207999995 9.0886390266999992 9.0353505325000008 8.9820620384000005 8.9287735443000003 8.8754850502 8.8221965560999998 8.7689080618999995 8.7156195677999992 8.6623310737000008 8.6090425796000005 8.5557540855000003 8.5024655913 8.4491770971999998 8.3958886030999995 8.3426001089999993 8.2659158854000001 8.1785273009000008 8.0911387162999997 8.0037501317000004 7.9163615471000002 7.8289729626 7.7760829127999997 7.7549516145000004 7.7338203162000001 7.7126890178999998 7.6915577195999996 7.6704264213000002 7.6492951228999999 7.6281638245999996 7.6070325263000003 7.585901228
9.9611524166999992 9.8613602449000002 9.7615680731999994 9.6617759014000004 9.5946177484999993 9.5413292544000008 9.4880407603000005 9.4347522662000003 9.381463772 9.3281752778999998 9.2748867837999995 9.2215982896999993 9.1683097956000008 9.1150213014000006 9.0617328073000003 9.0084443132000001 8.9551558190999998 8.9018673249999996 8.8485788307999993 8.7952903367000008 8.7420018426000006 8.6887133485000003 8.6354248544000001 8.5821363601999998 8.5288478660999996 8.4755593719999993 8.4222708779000008 8.3689823838000006 8.3156938896000003 8.2624053955000001 8.2047107807999993 8.1173221962 8.0299336116000006 7.9425450271000004 7.8551564425000002 7.7677678579 7.7226007902999996 7.7014694920000002 7.6803381936999999 7.6592068952999997 7.6380755970000003 7.6169442987 7.5958130003999997 7.5746817021000004
10.25796596 10.158173788299999 10.0583816165 9.9585894446999994 9.8587972730000004 9.7590051011999996 9.6592129295000007 9.5594207576999999 9.4596285859000009 9.3598364142000001 9.3012690586000009 9.2479805645000006 9.1946920703000004 9.1414035762000001 9.0881150820999999 9.0348265879999996 8.9815380938999994 8.9282495997000009 8.8749611056000006 8.8216726115000004 8.7683841174000001 8.7150956232999999 8.6618071290999996 8.6085186349999994 8.5552301408999991 8.5019416468000006 8.4486531527000004 8.3953646586000001 8.3420761643999999 8.2887876702999996 8.2354991761999994 8.1822106820999991 8.1289221880000007 8.0561170915999991 7.9687285069999998 7.8813399223999996 7.7939513379000003 7.7065627533000001 7.6691186678000003 7.6479873694 7.6268560710999997 7.6057247728000004 7.5845934745000001 7.5634621761999998
